{
 "cells": [
  {
   "cell_type": "code",
   "execution_count": 1,
   "id": "46cbc3f7",
   "metadata": {},
   "outputs": [],
   "source": [
    "%load_ext autoreload\n",
    "%autoreload 2\n",
    "\n",
    "import os,sys,warnings\n",
    "import h5py, pandas\n",
    "import numpy as np\n",
    "np.seterr(invalid=['ignore','warn'][0])\n",
    "np.set_printoptions(legacy='1.25')\n",
    "import math,cmath,pickle\n",
    "from matplotlib.backends.backend_pdf import PdfPages\n",
    "from scipy.optimize import curve_fit\n",
    "import matplotlib as mpl\n",
    "import matplotlib.pyplot as plt\n",
    "mpl.style.use('default')\n",
    "mpl.rcParams['figure.facecolor'] = 'white'\n",
    "mpl.rcParams['figure.titlesize'] = 20\n",
    "mpl.rcParams['figure.figsize'] = [6.4*1.2,4.8*1.2]\n",
    "mpl.rcParams['axes.labelsize'] = 30\n",
    "mpl.rcParams['axes.titlesize'] = 30\n",
    "mpl.rcParams['lines.marker'] = 's'\n",
    "mpl.rcParams['lines.linestyle'] = ''\n",
    "mpl.rcParams['lines.markersize'] = 8\n",
    "mpl.rcParams['errorbar.capsize'] = 12\n",
    "mpl.rcParams['xtick.labelsize'] = mpl.rcParams['ytick.labelsize'] = 22\n",
    "mpl.rcParams['xtick.major.size'] = mpl.rcParams['ytick.major.size'] = 10\n",
    "mpl.rcParams['xtick.top']=mpl.rcParams['ytick.right']=True\n",
    "mpl.rcParams['xtick.direction']=mpl.rcParams['ytick.direction']='in'\n",
    "mpl.rcParams['legend.fontsize'] = 24\n",
    "plt.rcParams[\"font.family\"] = \"serif\"\n",
    "plt.rcParams[\"mathtext.fontset\"] = \"dejavuserif\"\n",
    "\n",
    "# mpl.rcParams.update({\"axes.grid\" : True})\n",
    "import util as yu\n",
    "yu.flag_fast=False\n",
    "\n",
    "enss=['b','c','d']\n",
    "ens2full={'a24':'cA211.53.24','a':'cA2.09.48','b':'B64','c':'C80','d':'D96'}\n",
    "ens2label={'a24':'A24','a':'A48','b':'B64','c':'C80','d':'D96'}\n",
    "ens2a={'a24':0.0908,'a':0.0938,'b':0.07957,'c':0.06821,'d':0.05692} # fm\n",
    "ens2N={'a24':24,'a':48,'b':64,'c':80,'d':96}\n",
    "ens2N_T={'a24':24*2,'a':48*2,'b':64*2,'c':80*2,'d':96*2}\n",
    "\n",
    "# ens2mN={'a':931}\n",
    "# ens2mpiC={'a':131}\n",
    "# ens2mpi0={'a':111}\n",
    "\n",
    "ens2amu={'a24':0.0053,'a':0.0009,'b':0.00072}\n",
    "ens2ZP={'a24':(0.4670,0.0046),'a':(0.500,0.030)}\n",
    "\n",
    "hbarc = 1/197.3\n",
    "ens2aInv={ens:1/(ens2a[ens]*hbarc) for ens in enss} # MeV\n",
    "\n",
    "ens='b'"
   ]
  },
  {
   "cell_type": "code",
   "execution_count": 2,
   "id": "63d868b8",
   "metadata": {},
   "outputs": [
    {
     "name": "stdout",
     "output_type": "stream",
     "text": [
      "(743, 36)\n",
      "(400, 40)\n",
      "(494, 48)\n"
     ]
    }
   ],
   "source": [
    "path='/capstor/store/cscs/userlab/s1174/lyan/code/projectData/fromBooster/projectDataMigrating/NST_b-discNJN/data/'\n",
    "data={}\n",
    "for ens in enss:\n",
    "    with h5py.File(f'{path}NST_b.h5_c{ens2label[ens]}') as f:\n",
    "        t=(f['diags/N/data/N2_N2'][:,:,0]+f['diags/N/data/N2_N2'][:,:,1])/2\n",
    "        data[ens]=yu.jackknife(np.real(t))\n",
    "        # print(f['diags/N/opabs'][[0,1]])\n",
    "        print(t.shape)"
   ]
  },
  {
   "cell_type": "code",
   "execution_count": 4,
   "id": "96152267",
   "metadata": {},
   "outputs": [
    {
     "name": "stdout",
     "output_type": "stream",
     "text": [
      "[0.02406305 0.02406305 0.3996214  0.552316  ]\n"
     ]
    }
   ],
   "source": [
    "ens='b'\n",
    "def c2Hankle(c2pt,ts,shift=0):\n",
    "    tmax=len(c2pt)-np.max(ts)*2 - shift\n",
    "    return np.array([[[c2pt[t+i+j+shift] for i in ts] for j in ts] for t in range(tmax)])    \n",
    "c2pt_jk=data[ens]\n",
    "hankel=c2Hankle(c2pt_jk[0],[0,1,2,3],shift=1)\n",
    "h0=hankel[0]\n",
    "h1=hankel[1]\n",
    "# print(h0)\n",
    "# print(h1)\n",
    "\n",
    "hh=np.linalg.inv(h0)@h1\n",
    "evl,evt=np.linalg.eig(hh)\n",
    "\n",
    "v_in=evt\n",
    "zl_in=h0@v_in\n",
    "zr_ni=np.linalg.inv(v_in)\n",
    "an=zl_in[0,:]*zr_ni[:,0]\n",
    "print(np.abs(an/h0[0,0]))\n",
    "\n",
    "# print(evl[0])\n",
    "# print(evt[:,0])\n",
    "\n",
    "# print(np.linalg.eig(h1))\n",
    "\n",
    "# print(hh@evt[:,0])\n",
    "\n",
    "# print(np.conj(evt[:,0])@h1@evt[:,0])\n",
    "# print(np.conj(evt[:,0])@h0@evt[:,0])\n",
    "# print(evl[0]*np.conj(evt[:,0])@h0@evt[:,0])\n",
    "# print(evl[1]*np.conj(evt[:,0])@h0@evt[:,0])\n",
    "# print(np.conj(evt[:,0])@h1@evt[:,0]-evl[0]*np.conj(evt[:,0])@h0@evt[:,0])"
   ]
  },
  {
   "cell_type": "code",
   "execution_count": 3,
   "id": "f531ad8b",
   "metadata": {},
   "outputs": [
    {
     "name": "stdout",
     "output_type": "stream",
     "text": [
      "t_maxused=2\n",
      "[[24.3194]]\n",
      "[[13.503651]]\n",
      "EigResult(eigenvalues=array([24.3194], dtype=float32), eigenvectors=array([[1.]], dtype=float32))\n",
      "evl [0.55526245]\n",
      "evect [1.]\n",
      "0.55526245\n",
      "\n",
      "t_maxused=4\n",
      "[[24.3194    13.503651 ]\n",
      " [13.503651   7.9642158]]\n",
      "[[13.503651   7.9642158]\n",
      " [ 7.9642158  4.932102 ]]\n",
      "EigResult(eigenvalues=array([31.928562  ,  0.35505432], dtype=float32), eigenvectors=array([[ 0.87120706, -0.49091578],\n",
      "       [ 0.49091578,  0.87120706]], dtype=float32))\n",
      "evl [0.40820256 0.68560207]\n",
      "evect [ 0.37792858 -0.9258348 ]\n",
      "0.68560165\n",
      "\n",
      "t_maxused=6\n",
      "[[24.3194    13.503651   7.9642158]\n",
      " [13.503651   7.9642158  4.932102 ]\n",
      " [ 7.9642158  4.932102   3.14412  ]]\n",
      "[[13.503651   7.9642158  4.932102 ]\n",
      " [ 7.9642158  4.932102   3.14412  ]\n",
      " [ 4.932102   3.14412    2.040162 ]]\n",
      "EigResult(eigenvalues=array([ 3.4704704e+01,  7.3272306e-01, -9.6892603e-03], dtype=float32), eigenvectors=array([[-0.8336639 , -0.522579  ,  0.17864957],\n",
      "       [-0.47343913,  0.5096832 , -0.718386  ],\n",
      "       [-0.2843588 ,  0.68347216,  0.6723138 ]], dtype=float32))\n",
      "evl [-0.17114729  0.36187962  0.6636909 ]\n",
      "evect [-0.06072713 -0.18700725  0.9804797 ]\n",
      "0.6636905\n",
      "0.6856019109848045\n",
      "\n",
      "t_maxused=8\n",
      "[[24.3194    13.503651   7.9642158  4.932102 ]\n",
      " [13.503651   7.9642158  4.932102   3.14412  ]\n",
      " [ 7.9642158  4.932102   3.14412    2.040162 ]\n",
      " [ 4.932102   3.14412    2.040162   1.340265 ]]\n",
      "[[13.503651    7.9642158   4.932102    3.14412   ]\n",
      " [ 7.9642158   4.932102    3.14412     2.040162  ]\n",
      " [ 4.932102    3.14412     2.040162    1.340265  ]\n",
      " [ 3.14412     2.040162    1.340265    0.88839185]]\n",
      "EigResult(eigenvalues=array([ 3.5812912e+01,  9.6517742e-01, -1.1947678e-02,  1.8588651e-03],\n",
      "      dtype=float32), eigenvectors=array([[ 0.8194666 ,  0.5295514 ,  0.21417877,  0.04666117],\n",
      "       [ 0.4671025 , -0.40430662, -0.7863338 , -0.00552433],\n",
      "       [ 0.28131694, -0.5683481 ,  0.46368203, -0.6187408 ],\n",
      "       [ 0.17649505, -0.48279598,  0.3475709 ,  0.78418875]],\n",
      "      dtype=float32))\n",
      "evl [0.14408204+0.19389446j 0.14408204-0.19389446j 0.44252574+0.j\n",
      " 0.6753685 +0.j        ]\n",
      "evect [-0.02061631+0.j  0.1483877 +0.j -0.58332986+0.j  0.7982997 +0.j]\n",
      "(0.67548376+0j)\n",
      "\n",
      "t_maxused=10\n",
      "[[24.3194     13.503651    7.9642158   4.932102    3.14412   ]\n",
      " [13.503651    7.9642158   4.932102    3.14412     2.040162  ]\n",
      " [ 7.9642158   4.932102    3.14412     2.040162    1.340265  ]\n",
      " [ 4.932102    3.14412     2.040162    1.340265    0.88839185]\n",
      " [ 3.14412     2.040162    1.340265    0.88839185  0.59262174]]\n",
      "[[13.503651    7.9642158   4.932102    3.14412     2.040162  ]\n",
      " [ 7.9642158   4.932102    3.14412     2.040162    1.340265  ]\n",
      " [ 4.932102    3.14412     2.040162    1.340265    0.88839185]\n",
      " [ 3.14412     2.040162    1.340265    0.88839185  0.59262174]\n",
      " [ 2.040162    1.340265    0.88839185  0.59262174  0.39677876]]\n",
      "EigResult(eigenvalues=array([ 3.6275654e+01,  1.0913029e+00, -1.1968968e-02,  5.6260168e-03,\n",
      "        8.4709936e-06], dtype=float32), eigenvectors=array([[-0.8136084 ,  0.530328  , -0.21708116,  0.09790367,  0.00917692],\n",
      "       [-0.46455795, -0.36178026,  0.79264635, -0.13577878, -0.08109784],\n",
      "       [-0.28014213, -0.5225961 , -0.45952868, -0.5504952 ,  0.36633602],\n",
      "       [-0.17591   , -0.44756323, -0.3349619 ,  0.29069728, -0.7563323 ],\n",
      "       [-0.11315175, -0.33830124, -0.03494958,  0.76447964,  0.5358156 ]],\n",
      "      dtype=float32))\n",
      "evl [-9.5232725 +0.j         0.1468328 +0.1940833j  0.1468328 -0.1940833j\n",
      "  0.42803997+0.j         0.689331  +0.j       ]\n",
      "evect [ 0.02142325+0.j -0.15369543+0.j  0.5946181 +0.j -0.78383416+0.j\n",
      " -0.08917455+0.j]\n",
      "(0.6754469+0j)\n",
      "\n",
      "t_maxused=12\n",
      "[[24.3194     13.503651    7.9642158   4.932102    3.14412     2.040162  ]\n",
      " [13.503651    7.9642158   4.932102    3.14412     2.040162    1.340265  ]\n",
      " [ 7.9642158   4.932102    3.14412     2.040162    1.340265    0.88839185]\n",
      " [ 4.932102    3.14412     2.040162    1.340265    0.88839185  0.59262174]\n",
      " [ 3.14412     2.040162    1.340265    0.88839185  0.59262174  0.39677876]\n",
      " [ 2.040162    1.340265    0.88839185  0.59262174  0.39677876  0.26676053]]\n",
      "[[13.503651    7.9642158   4.932102    3.14412     2.040162    1.340265  ]\n",
      " [ 7.9642158   4.932102    3.14412     2.040162    1.340265    0.88839185]\n",
      " [ 4.932102    3.14412     2.040162    1.340265    0.88839185  0.59262174]\n",
      " [ 3.14412     2.040162    1.340265    0.88839185  0.59262174  0.39677876]\n",
      " [ 2.040162    1.340265    0.88839185  0.59262174  0.39677876  0.26676053]\n",
      " [ 1.340265    0.88839185  0.59262174  0.39677876  0.26676053  0.17990315]]\n",
      "EigResult(eigenvalues=array([ 3.64741135e+01,  1.15629530e+00, -1.20537365e-02,  8.81962012e-03,\n",
      "       -3.95783245e-05,  2.47199321e-04], dtype=float32), eigenvectors=array([[-0.81109375,  0.529727  ,  0.21312055,  0.126094  ,  0.01336636,\n",
      "         0.0041857 ],\n",
      "       [-0.46348816, -0.34273782, -0.78354406, -0.20519595, -0.10418691,\n",
      "        -0.02842325],\n",
      "       [-0.27966437, -0.50219584,  0.4587488 , -0.5133729 ,  0.43397528,\n",
      "         0.08514961],\n",
      "       [-0.17568238, -0.43194097,  0.34881407,  0.17597957, -0.78952104,\n",
      "         0.081112  ],\n",
      "       [-0.11303773, -0.32725173,  0.05488656,  0.5488637 ,  0.27824545,\n",
      "        -0.70600593],\n",
      "       [-0.07383515, -0.23675466, -0.07418925,  0.58840716,  0.31601882,\n",
      "         0.6977827 ]], dtype=float32))\n",
      "evl [ 0.6757342 +0.j          0.43999064+0.j          0.14207871+0.19995044j\n",
      "  0.14207871-0.19995044j -1.6392101 +1.9844964j  -1.6392101 -1.9844964j ]\n",
      "evect [ 0.01065549+0.00174779j -0.08830997-0.0111683j   0.38411948+0.03509945j\n",
      " -0.7540608 -0.j          0.43014875-0.18594688j  0.11812805+0.2025196j ]\n",
      "(-1.6394074-1.9840877j)\n",
      "\n",
      "t_maxused=14\n",
      "[[24.3194     13.503651    7.9642158   4.932102    3.14412     2.040162\n",
      "   1.340265  ]\n",
      " [13.503651    7.9642158   4.932102    3.14412     2.040162    1.340265\n",
      "   0.88839185]\n",
      " [ 7.9642158   4.932102    3.14412     2.040162    1.340265    0.88839185\n",
      "   0.59262174]\n",
      " [ 4.932102    3.14412     2.040162    1.340265    0.88839185  0.59262174\n",
      "   0.39677876]\n",
      " [ 3.14412     2.040162    1.340265    0.88839185  0.59262174  0.39677876\n",
      "   0.26676053]\n",
      " [ 2.040162    1.340265    0.88839185  0.59262174  0.39677876  0.26676053\n",
      "   0.17990315]\n",
      " [ 1.340265    0.88839185  0.59262174  0.39677876  0.26676053  0.17990315\n",
      "   0.12161121]]\n",
      "[[13.503651    7.9642158   4.932102    3.14412     2.040162    1.340265\n",
      "   0.88839185]\n",
      " [ 7.9642158   4.932102    3.14412     2.040162    1.340265    0.88839185\n",
      "   0.59262174]\n",
      " [ 4.932102    3.14412     2.040162    1.340265    0.88839185  0.59262174\n",
      "   0.39677876]\n",
      " [ 3.14412     2.040162    1.340265    0.88839185  0.59262174  0.39677876\n",
      "   0.26676053]\n",
      " [ 2.040162    1.340265    0.88839185  0.59262174  0.39677876  0.26676053\n",
      "   0.17990315]\n",
      " [ 1.340265    0.88839185  0.59262174  0.39677876  0.26676053  0.17990315\n",
      "   0.12161121]\n",
      " [ 0.88839185  0.59262174  0.39677876  0.26676053  0.17990315  0.12161121\n",
      "   0.08231299]]\n",
      "EigResult(eigenvalues=array([ 3.6560844e+01,  1.1886351e+00, -1.2140240e-02,  1.1178887e-02,\n",
      "       -2.4704653e-04,  5.3808576e-04,  1.8521343e-04], dtype=float32), eigenvectors=array([[-0.8099903 ,  0.5290803 , -0.21084078,  0.13931526, -0.0090602 ,\n",
      "        -0.00630493,  0.00232768],\n",
      "       [-0.46302631, -0.33392563,  0.77853954, -0.23723163,  0.06641997,\n",
      "         0.08011323, -0.02946076],\n",
      "       [-0.2794636 , -0.4927432 , -0.4571565 , -0.48254004, -0.2720656 ,\n",
      "        -0.37026533,  0.16171332],\n",
      "       [-0.17558989, -0.42468032, -0.35521907,  0.11545176,  0.5609185 ,\n",
      "         0.3851038 , -0.43170667],\n",
      "       [-0.11299391, -0.3221721 , -0.06841865,  0.4572298 , -0.24657522,\n",
      "         0.45931414,  0.63081574],\n",
      "       [-0.07381427, -0.23329014,  0.05899997,  0.50974286, -0.56131345,\n",
      "        -0.20542435, -0.56527555],\n",
      "       [-0.04872931, -0.1649222 ,  0.07802326,  0.45742932,  0.4806089 ,\n",
      "        -0.6745162 ,  0.26294458]], dtype=float32))\n",
      "evl [-0.65332645+0.j        -0.07297111+0.6054599j -0.07297111-0.6054599j\n",
      " -0.20992555+0.j         0.32909903+0.j         0.5536135 +0.j\n",
      "  0.68282515+0.j       ]\n",
      "evect [ 0.00910716+0.j  0.01677115+0.j -0.13167842+0.j -0.03489305+0.j\n",
      " -0.07209852+0.j  0.12400991+0.j  0.98005223+0.j]\n",
      "(0.68285793+0j)\n",
      "\n",
      "t_maxused=16\n",
      "[[24.3194     13.503651    7.9642158   4.932102    3.14412     2.040162\n",
      "   1.340265    0.88839185]\n",
      " [13.503651    7.9642158   4.932102    3.14412     2.040162    1.340265\n",
      "   0.88839185  0.59262174]\n",
      " [ 7.9642158   4.932102    3.14412     2.040162    1.340265    0.88839185\n",
      "   0.59262174  0.39677876]\n",
      " [ 4.932102    3.14412     2.040162    1.340265    0.88839185  0.59262174\n",
      "   0.39677876  0.26676053]\n",
      " [ 3.14412     2.040162    1.340265    0.88839185  0.59262174  0.39677876\n",
      "   0.26676053  0.17990315]\n",
      " [ 2.040162    1.340265    0.88839185  0.59262174  0.39677876  0.26676053\n",
      "   0.17990315  0.12161121]\n",
      " [ 1.340265    0.88839185  0.59262174  0.39677876  0.26676053  0.17990315\n",
      "   0.12161121  0.08231299]\n",
      " [ 0.88839185  0.59262174  0.39677876  0.26676053  0.17990315  0.12161121\n",
      "   0.08231299  0.05587354]]\n",
      "[[13.503651    7.9642158   4.932102    3.14412     2.040162    1.340265\n",
      "   0.88839185  0.59262174]\n",
      " [ 7.9642158   4.932102    3.14412     2.040162    1.340265    0.88839185\n",
      "   0.59262174  0.39677876]\n",
      " [ 4.932102    3.14412     2.040162    1.340265    0.88839185  0.59262174\n",
      "   0.39677876  0.26676053]\n",
      " [ 3.14412     2.040162    1.340265    0.88839185  0.59262174  0.39677876\n",
      "   0.26676053  0.17990315]\n",
      " [ 2.040162    1.340265    0.88839185  0.59262174  0.39677876  0.26676053\n",
      "   0.17990315  0.12161121]\n",
      " [ 1.340265    0.88839185  0.59262174  0.39677876  0.26676053  0.17990315\n",
      "   0.12161121  0.08231299]\n",
      " [ 0.88839185  0.59262174  0.39677876  0.26676053  0.17990315  0.12161121\n",
      "   0.08231299  0.05587354]\n",
      " [ 0.59262174  0.39677876  0.26676053  0.17990315  0.12161121  0.08231299\n",
      "   0.05587354  0.03794227]]\n",
      "EigResult(eigenvalues=array([ 3.6599274e+01,  1.2043315e+00,  1.2904840e-02, -1.2187123e-02,\n",
      "        5.9030822e-04, -2.6013691e-04,  3.0113721e-05,  1.8526790e-04],\n",
      "      dtype=float32), eigenvectors=array([[-0.80949926,  0.52864116, -0.14488348,  0.21000895, -0.00329568,\n",
      "         0.01011688,  0.00592912,  0.00248074],\n",
      "       [-0.46282327, -0.32980737,  0.24975309, -0.77670693,  0.07849251,\n",
      "        -0.06572954, -0.0012229 , -0.02980793],\n",
      "       [-0.27937686, -0.48828518,  0.46537596,  0.45516402, -0.40396953,\n",
      "         0.2528417 , -0.08110632,  0.16148853],\n",
      "       [-0.17555133, -0.42129266, -0.0884445 ,  0.35855517,  0.40076494,\n",
      "        -0.54985785,  0.07514984, -0.43209526],\n",
      "       [-0.11297659, -0.3198219 , -0.40921363,  0.07549072,  0.496645  ,\n",
      "         0.26103166, -0.0155359 ,  0.62988925],\n",
      "       [-0.07380666, -0.23169826, -0.46502277, -0.05110113, -0.14122772,\n",
      "         0.6020696 ,  0.15717362, -0.56113666],\n",
      "       [-0.04872613, -0.16385151, -0.4197611 , -0.07115579, -0.57086426,\n",
      "        -0.40319043,  0.4760606 ,  0.27282542],\n",
      "       [-0.03241143, -0.11418541, -0.36377686, -0.05927216, -0.27845398,\n",
      "        -0.19004422, -0.8579971 , -0.0158728 ]], dtype=float32))\n",
      "evl [-0.85551304+0.j         -0.17297855+0.58904094j -0.17297855-0.58904094j\n",
      " -0.17078106+0.2811712j  -0.17078106-0.2811712j   0.34311077+0.j\n",
      "  0.56853557+0.j          0.6843907 +0.j        ]\n",
      "evect [ 0.00564908+0.j  0.00321836+0.j  0.00099759+0.j -0.17144807+0.j\n",
      " -0.08539785+0.j -0.01676593+0.j  0.5239117 +0.j  0.829762  +0.j]\n",
      "(0.6842169+0j)\n",
      "\n",
      "t_maxused=18\n",
      "[[24.3194     13.503651    7.9642158   4.932102    3.14412     2.040162\n",
      "   1.340265    0.88839185  0.59262174]\n",
      " [13.503651    7.9642158   4.932102    3.14412     2.040162    1.340265\n",
      "   0.88839185  0.59262174  0.39677876]\n",
      " [ 7.9642158   4.932102    3.14412     2.040162    1.340265    0.88839185\n",
      "   0.59262174  0.39677876  0.26676053]\n",
      " [ 4.932102    3.14412     2.040162    1.340265    0.88839185  0.59262174\n",
      "   0.39677876  0.26676053  0.17990315]\n",
      " [ 3.14412     2.040162    1.340265    0.88839185  0.59262174  0.39677876\n",
      "   0.26676053  0.17990315  0.12161121]\n",
      " [ 2.040162    1.340265    0.88839185  0.59262174  0.39677876  0.26676053\n",
      "   0.17990315  0.12161121  0.08231299]\n",
      " [ 1.340265    0.88839185  0.59262174  0.39677876  0.26676053  0.17990315\n",
      "   0.12161121  0.08231299  0.05587354]\n",
      " [ 0.88839185  0.59262174  0.39677876  0.26676053  0.17990315  0.12161121\n",
      "   0.08231299  0.05587354  0.03794227]\n",
      " [ 0.59262174  0.39677876  0.26676053  0.17990315  0.12161121  0.08231299\n",
      "   0.05587354  0.03794227  0.02584654]]\n",
      "[[13.503651    7.9642158   4.932102    3.14412     2.040162    1.340265\n",
      "   0.88839185  0.59262174  0.39677876]\n",
      " [ 7.9642158   4.932102    3.14412     2.040162    1.340265    0.88839185\n",
      "   0.59262174  0.39677876  0.26676053]\n",
      " [ 4.932102    3.14412     2.040162    1.340265    0.88839185  0.59262174\n",
      "   0.39677876  0.26676053  0.17990315]\n",
      " [ 3.14412     2.040162    1.340265    0.88839185  0.59262174  0.39677876\n",
      "   0.26676053  0.17990315  0.12161121]\n",
      " [ 2.040162    1.340265    0.88839185  0.59262174  0.39677876  0.26676053\n",
      "   0.17990315  0.12161121  0.08231299]\n",
      " [ 1.340265    0.88839185  0.59262174  0.39677876  0.26676053  0.17990315\n",
      "   0.12161121  0.08231299  0.05587354]\n",
      " [ 0.88839185  0.59262174  0.39677876  0.26676053  0.17990315  0.12161121\n",
      "   0.08231299  0.05587354  0.03794227]\n",
      " [ 0.59262174  0.39677876  0.26676053  0.17990315  0.12161121  0.08231299\n",
      "   0.05587354  0.03794227  0.02584654]\n",
      " [ 0.39677876  0.26676053  0.17990315  0.12161121  0.08231299  0.05587354\n",
      "   0.03794227  0.02584654  0.01757233]]\n",
      "EigResult(eigenvalues=array([ 3.6616470e+01,  1.2118410e+00,  1.4037905e-02, -1.2257024e-02,\n",
      "        6.3320063e-04, -2.6026508e-04,  1.9379752e-04,  2.3030261e-05,\n",
      "        3.3115059e-05], dtype=float32), eigenvectors=array([[-0.8092788 ,  0.5283785 , -0.14805436,  0.20930348, -0.0018706 ,\n",
      "         0.01015779,  0.00152318, -0.00615437,  0.00301756],\n",
      "       [-0.46273273, -0.32785484,  0.25800684, -0.77479404,  0.08039422,\n",
      "        -0.06556776, -0.02683338,  0.00526688,  0.00247935],\n",
      "       [-0.2793389 , -0.48619086,  0.45267707,  0.4523646 , -0.42731115,\n",
      "         0.25206757,  0.1503752 ,  0.02878196, -0.08039902],\n",
      "       [-0.17553495, -0.41971278, -0.07605172,  0.36074904,  0.40651295,\n",
      "        -0.55130124, -0.3956629 ,  0.08983172,  0.1526441 ],\n",
      "       [-0.1129696 , -0.31873316, -0.3839719 ,  0.08156976,  0.5014069 ,\n",
      "         0.26299322,  0.6253966 , -0.1068439 , -0.09191394],\n",
      "       [-0.07380383, -0.23096246, -0.43965515, -0.04429158, -0.08136968,\n",
      "         0.6046239 , -0.58850944, -0.12170233,  0.11227205],\n",
      "       [-0.0487252 , -0.16336451, -0.39981526, -0.06465852, -0.5179413 ,\n",
      "        -0.39756835,  0.19006203, -0.5489717 ,  0.20757563],\n",
      "       [-0.03241128, -0.11386392, -0.34614605, -0.05411653, -0.23294944,\n",
      "        -0.18694943, -0.06999075,  0.3169828 , -0.8177081 ],\n",
      "       [-0.02167386, -0.07873745, -0.28356937, -0.07340273, -0.2552002 ,\n",
      "        -0.01950329,  0.20403247,  0.7503074 ,  0.48727116]],\n",
      "      dtype=float32))\n",
      "evl [-1.1448385 +0.j         -0.10535093+0.59607893j -0.10535093-0.59607893j\n",
      " -0.45633686+0.j         -0.30385298+0.j          0.3268059 +0.j\n",
      "  0.543456  +0.j          0.6794304 +0.j          0.83637047+0.j        ]\n",
      "evect [-0.0050661 +0.j -0.00283578+0.j  0.06551863+0.j  0.02975407+0.j\n",
      " -0.10339447+0.j -0.1284994 +0.j -0.5290152 +0.j  0.40848118+0.j\n",
      "  0.7217145 +0.j]\n",
      "(0.83545816+0j)\n",
      "\n",
      "t_maxused=20\n",
      "[[2.4319401e+01 1.3503651e+01 7.9642158e+00 4.9321022e+00 3.1441200e+00\n",
      "  2.0401621e+00 1.3402650e+00 8.8839185e-01 5.9262174e-01 3.9677876e-01]\n",
      " [1.3503651e+01 7.9642158e+00 4.9321022e+00 3.1441200e+00 2.0401621e+00\n",
      "  1.3402650e+00 8.8839185e-01 5.9262174e-01 3.9677876e-01 2.6676053e-01]\n",
      " [7.9642158e+00 4.9321022e+00 3.1441200e+00 2.0401621e+00 1.3402650e+00\n",
      "  8.8839185e-01 5.9262174e-01 3.9677876e-01 2.6676053e-01 1.7990315e-01]\n",
      " [4.9321022e+00 3.1441200e+00 2.0401621e+00 1.3402650e+00 8.8839185e-01\n",
      "  5.9262174e-01 3.9677876e-01 2.6676053e-01 1.7990315e-01 1.2161121e-01]\n",
      " [3.1441200e+00 2.0401621e+00 1.3402650e+00 8.8839185e-01 5.9262174e-01\n",
      "  3.9677876e-01 2.6676053e-01 1.7990315e-01 1.2161121e-01 8.2312986e-02]\n",
      " [2.0401621e+00 1.3402650e+00 8.8839185e-01 5.9262174e-01 3.9677876e-01\n",
      "  2.6676053e-01 1.7990315e-01 1.2161121e-01 8.2312986e-02 5.5873539e-02]\n",
      " [1.3402650e+00 8.8839185e-01 5.9262174e-01 3.9677876e-01 2.6676053e-01\n",
      "  1.7990315e-01 1.2161121e-01 8.2312986e-02 5.5873539e-02 3.7942268e-02]\n",
      " [8.8839185e-01 5.9262174e-01 3.9677876e-01 2.6676053e-01 1.7990315e-01\n",
      "  1.2161121e-01 8.2312986e-02 5.5873539e-02 3.7942268e-02 2.5846537e-02]\n",
      " [5.9262174e-01 3.9677876e-01 2.6676053e-01 1.7990315e-01 1.2161121e-01\n",
      "  8.2312986e-02 5.5873539e-02 3.7942268e-02 2.5846537e-02 1.7572330e-02]\n",
      " [3.9677876e-01 2.6676053e-01 1.7990315e-01 1.2161121e-01 8.2312986e-02\n",
      "  5.5873539e-02 3.7942268e-02 2.5846537e-02 1.7572330e-02 1.1971679e-02]]\n",
      "[[1.3503651e+01 7.9642158e+00 4.9321022e+00 3.1441200e+00 2.0401621e+00\n",
      "  1.3402650e+00 8.8839185e-01 5.9262174e-01 3.9677876e-01 2.6676053e-01]\n",
      " [7.9642158e+00 4.9321022e+00 3.1441200e+00 2.0401621e+00 1.3402650e+00\n",
      "  8.8839185e-01 5.9262174e-01 3.9677876e-01 2.6676053e-01 1.7990315e-01]\n",
      " [4.9321022e+00 3.1441200e+00 2.0401621e+00 1.3402650e+00 8.8839185e-01\n",
      "  5.9262174e-01 3.9677876e-01 2.6676053e-01 1.7990315e-01 1.2161121e-01]\n",
      " [3.1441200e+00 2.0401621e+00 1.3402650e+00 8.8839185e-01 5.9262174e-01\n",
      "  3.9677876e-01 2.6676053e-01 1.7990315e-01 1.2161121e-01 8.2312986e-02]\n",
      " [2.0401621e+00 1.3402650e+00 8.8839185e-01 5.9262174e-01 3.9677876e-01\n",
      "  2.6676053e-01 1.7990315e-01 1.2161121e-01 8.2312986e-02 5.5873539e-02]\n",
      " [1.3402650e+00 8.8839185e-01 5.9262174e-01 3.9677876e-01 2.6676053e-01\n",
      "  1.7990315e-01 1.2161121e-01 8.2312986e-02 5.5873539e-02 3.7942268e-02]\n",
      " [8.8839185e-01 5.9262174e-01 3.9677876e-01 2.6676053e-01 1.7990315e-01\n",
      "  1.2161121e-01 8.2312986e-02 5.5873539e-02 3.7942268e-02 2.5846537e-02]\n",
      " [5.9262174e-01 3.9677876e-01 2.6676053e-01 1.7990315e-01 1.2161121e-01\n",
      "  8.2312986e-02 5.5873539e-02 3.7942268e-02 2.5846537e-02 1.7572330e-02]\n",
      " [3.9677876e-01 2.6676053e-01 1.7990315e-01 1.2161121e-01 8.2312986e-02\n",
      "  5.5873539e-02 3.7942268e-02 2.5846537e-02 1.7572330e-02 1.1971679e-02]\n",
      " [2.6676053e-01 1.7990315e-01 1.2161121e-01 8.2312986e-02 5.5873539e-02\n",
      "  3.7942268e-02 2.5846537e-02 1.7572330e-02 1.1971679e-02 8.1457393e-03]]\n",
      "EigResult(eigenvalues=array([ 3.6624218e+01,  1.2154349e+00,  1.4677449e-02, -1.2297331e-02,\n",
      "        6.7390187e-04, -2.6096788e-04,  1.9875368e-04,  4.9300146e-05,\n",
      "        2.5218898e-05, -3.3555771e-05], dtype=float32), eigenvectors=array([[-8.09179068e-01,  5.28231800e-01,  1.49562255e-01,\n",
      "         2.08974123e-01,  6.30868017e-04, -1.02002667e-02,\n",
      "        -2.18962296e-03,  5.43170841e-03,  4.58233245e-03,\n",
      "         1.27004401e-03],\n",
      "       [-4.62692142e-01, -3.26930732e-01, -2.61959821e-01,\n",
      "        -7.73879528e-01, -7.99394548e-02,  6.52826205e-02,\n",
      "         2.87576839e-02,  6.33527525e-04, -5.68270264e-03,\n",
      "        -2.81568593e-03],\n",
      "       [-2.79322118e-01, -4.85198617e-01, -4.45556283e-01,\n",
      "         4.50746894e-01,  4.36560422e-01, -2.51044303e-01,\n",
      "        -1.54690832e-01, -8.32353607e-02,  4.73680673e-03,\n",
      "        -1.94997769e-02],\n",
      "       [-1.75527915e-01, -4.18966651e-01,  7.00547621e-02,\n",
      "         3.61791670e-01, -3.95832747e-01,  5.52345037e-01,\n",
      "         4.04671878e-01,  1.07755072e-01, -1.41939223e-01,\n",
      "         2.38784067e-02],\n",
      "       [-1.12966731e-01, -3.18219125e-01,  3.70468318e-01,\n",
      "         8.45296681e-02, -5.19306540e-01, -2.60445535e-01,\n",
      "        -6.01807594e-01, -1.29692510e-01,  1.15938857e-01,\n",
      "         1.07877515e-01],\n",
      "       [-7.38028139e-02, -2.30620086e-01,  4.27352220e-01,\n",
      "        -4.04703282e-02,  6.13953434e-02, -6.11280978e-01,\n",
      "         5.57919323e-01,  2.35820711e-01,  8.73993039e-02,\n",
      "        -7.17070848e-02],\n",
      "       [-4.87249494e-02, -1.63137600e-01,  3.89473051e-01,\n",
      "        -6.12062104e-02,  4.66656804e-01,  3.90874237e-01,\n",
      "        -2.46517017e-01,  4.37837303e-01,  4.35829699e-01,\n",
      "         5.10456041e-02],\n",
      "       [-3.24113630e-02, -1.13717280e-01,  3.37826282e-01,\n",
      "        -5.11191301e-02,  2.17285603e-01,  1.74427062e-01,\n",
      "         7.05574751e-02, -7.01137364e-01,  6.31147251e-02,\n",
      "        -5.39522827e-01],\n",
      "       [-2.16740351e-02, -7.86408857e-02,  2.76450157e-01,\n",
      "        -7.10557401e-02,  2.26284057e-01,  1.43773323e-02,\n",
      "        -2.26990372e-01,  2.07654580e-01, -8.68463278e-01,\n",
      "        -1.07645608e-01],\n",
      "       [-1.45464912e-02, -5.43854609e-02,  2.08477572e-01,\n",
      "        -5.64169623e-02,  2.38130212e-01,  5.11406772e-02,\n",
      "         1.44081995e-01, -4.27298188e-01, -1.02653027e-01,\n",
      "         8.22789431e-01]], dtype=float32))\n",
      "evl [-0.9345429 +0.j          0.6845119 +0.j          0.5731764 +0.j\n",
      "  0.34588757+0.j         -0.18360183+0.35243687j -0.18360183-0.35243687j\n",
      " -0.21922447+0.5194533j  -0.21922447-0.5194533j   0.16704403+1.1735076j\n",
      "  0.16704403-1.1735076j ]\n",
      "evect [-0.00410994+4.7759019e-04j  0.00552602-4.1208384e-03j\n",
      "  0.00253002+4.3103755e-03j  0.09376389-8.6457310e-03j\n",
      " -0.07625609+8.8278212e-02j -0.09100319-5.2240402e-02j\n",
      " -0.36814022-3.5624515e-02j  0.09641839-3.2453182e-01j\n",
      "  0.64369017-0.0000000e+00j -0.01412253+5.4815608e-01j]\n",
      "(0.16703908-1.1735092j)\n",
      "\n",
      "t_maxused=22\n",
      "[[2.4319401e+01 1.3503651e+01 7.9642158e+00 4.9321022e+00 3.1441200e+00\n",
      "  2.0401621e+00 1.3402650e+00 8.8839185e-01 5.9262174e-01 3.9677876e-01\n",
      "  2.6676053e-01]\n",
      " [1.3503651e+01 7.9642158e+00 4.9321022e+00 3.1441200e+00 2.0401621e+00\n",
      "  1.3402650e+00 8.8839185e-01 5.9262174e-01 3.9677876e-01 2.6676053e-01\n",
      "  1.7990315e-01]\n",
      " [7.9642158e+00 4.9321022e+00 3.1441200e+00 2.0401621e+00 1.3402650e+00\n",
      "  8.8839185e-01 5.9262174e-01 3.9677876e-01 2.6676053e-01 1.7990315e-01\n",
      "  1.2161121e-01]\n",
      " [4.9321022e+00 3.1441200e+00 2.0401621e+00 1.3402650e+00 8.8839185e-01\n",
      "  5.9262174e-01 3.9677876e-01 2.6676053e-01 1.7990315e-01 1.2161121e-01\n",
      "  8.2312986e-02]\n",
      " [3.1441200e+00 2.0401621e+00 1.3402650e+00 8.8839185e-01 5.9262174e-01\n",
      "  3.9677876e-01 2.6676053e-01 1.7990315e-01 1.2161121e-01 8.2312986e-02\n",
      "  5.5873539e-02]\n",
      " [2.0401621e+00 1.3402650e+00 8.8839185e-01 5.9262174e-01 3.9677876e-01\n",
      "  2.6676053e-01 1.7990315e-01 1.2161121e-01 8.2312986e-02 5.5873539e-02\n",
      "  3.7942268e-02]\n",
      " [1.3402650e+00 8.8839185e-01 5.9262174e-01 3.9677876e-01 2.6676053e-01\n",
      "  1.7990315e-01 1.2161121e-01 8.2312986e-02 5.5873539e-02 3.7942268e-02\n",
      "  2.5846537e-02]\n",
      " [8.8839185e-01 5.9262174e-01 3.9677876e-01 2.6676053e-01 1.7990315e-01\n",
      "  1.2161121e-01 8.2312986e-02 5.5873539e-02 3.7942268e-02 2.5846537e-02\n",
      "  1.7572330e-02]\n",
      " [5.9262174e-01 3.9677876e-01 2.6676053e-01 1.7990315e-01 1.2161121e-01\n",
      "  8.2312986e-02 5.5873539e-02 3.7942268e-02 2.5846537e-02 1.7572330e-02\n",
      "  1.1971679e-02]\n",
      " [3.9677876e-01 2.6676053e-01 1.7990315e-01 1.2161121e-01 8.2312986e-02\n",
      "  5.5873539e-02 3.7942268e-02 2.5846537e-02 1.7572330e-02 1.1971679e-02\n",
      "  8.1457393e-03]\n",
      " [2.6676053e-01 1.7990315e-01 1.2161121e-01 8.2312986e-02 5.5873539e-02\n",
      "  3.7942268e-02 2.5846537e-02 1.7572330e-02 1.1971679e-02 8.1457393e-03\n",
      "  5.5490588e-03]]\n",
      "[[1.3503651e+01 7.9642158e+00 4.9321022e+00 3.1441200e+00 2.0401621e+00\n",
      "  1.3402650e+00 8.8839185e-01 5.9262174e-01 3.9677876e-01 2.6676053e-01\n",
      "  1.7990315e-01]\n",
      " [7.9642158e+00 4.9321022e+00 3.1441200e+00 2.0401621e+00 1.3402650e+00\n",
      "  8.8839185e-01 5.9262174e-01 3.9677876e-01 2.6676053e-01 1.7990315e-01\n",
      "  1.2161121e-01]\n",
      " [4.9321022e+00 3.1441200e+00 2.0401621e+00 1.3402650e+00 8.8839185e-01\n",
      "  5.9262174e-01 3.9677876e-01 2.6676053e-01 1.7990315e-01 1.2161121e-01\n",
      "  8.2312986e-02]\n",
      " [3.1441200e+00 2.0401621e+00 1.3402650e+00 8.8839185e-01 5.9262174e-01\n",
      "  3.9677876e-01 2.6676053e-01 1.7990315e-01 1.2161121e-01 8.2312986e-02\n",
      "  5.5873539e-02]\n",
      " [2.0401621e+00 1.3402650e+00 8.8839185e-01 5.9262174e-01 3.9677876e-01\n",
      "  2.6676053e-01 1.7990315e-01 1.2161121e-01 8.2312986e-02 5.5873539e-02\n",
      "  3.7942268e-02]\n",
      " [1.3402650e+00 8.8839185e-01 5.9262174e-01 3.9677876e-01 2.6676053e-01\n",
      "  1.7990315e-01 1.2161121e-01 8.2312986e-02 5.5873539e-02 3.7942268e-02\n",
      "  2.5846537e-02]\n",
      " [8.8839185e-01 5.9262174e-01 3.9677876e-01 2.6676053e-01 1.7990315e-01\n",
      "  1.2161121e-01 8.2312986e-02 5.5873539e-02 3.7942268e-02 2.5846537e-02\n",
      "  1.7572330e-02]\n",
      " [5.9262174e-01 3.9677876e-01 2.6676053e-01 1.7990315e-01 1.2161121e-01\n",
      "  8.2312986e-02 5.5873539e-02 3.7942268e-02 2.5846537e-02 1.7572330e-02\n",
      "  1.1971679e-02]\n",
      " [3.9677876e-01 2.6676053e-01 1.7990315e-01 1.2161121e-01 8.2312986e-02\n",
      "  5.5873539e-02 3.7942268e-02 2.5846537e-02 1.7572330e-02 1.1971679e-02\n",
      "  8.1457393e-03]\n",
      " [2.6676053e-01 1.7990315e-01 1.2161121e-01 8.2312986e-02 5.5873539e-02\n",
      "  3.7942268e-02 2.5846537e-02 1.7572330e-02 1.1971679e-02 8.1457393e-03\n",
      "  5.5490588e-03]\n",
      " [1.7990315e-01 1.2161121e-01 8.2312986e-02 5.5873539e-02 3.7942268e-02\n",
      "  2.5846537e-02 1.7572330e-02 1.1971679e-02 8.1457393e-03 5.5490588e-03\n",
      "  3.8148777e-03]]\n",
      "EigResult(eigenvalues=array([ 3.6627735e+01,  1.2171404e+00,  1.5029677e-02, -1.2318654e-02,\n",
      "        7.0038345e-04, -2.6471424e-04,  2.0684204e-04, -5.3498479e-05,\n",
      "       -2.5427615e-05,  5.1701532e-05,  3.4038971e-05], dtype=float32), eigenvectors=array([[-8.09133708e-01,  5.28154552e-01,  1.50260255e-01,\n",
      "        -2.08835647e-01, -2.58590317e-05, -1.04694208e-02,\n",
      "         1.87831663e-03, -2.10410333e-03,  3.44588980e-03,\n",
      "         5.58439596e-03,  2.07888288e-03],\n",
      "       [-4.62673783e-01, -3.26494843e-01, -2.63846785e-01,\n",
      "         7.73483992e-01, -8.02545473e-02,  6.53400421e-02,\n",
      "        -2.62353066e-02,  1.31285901e-03, -5.76540502e-03,\n",
      "         1.79469958e-03, -2.21840781e-03],\n",
      "       [-2.79314637e-01, -4.84730244e-01, -4.41457301e-01,\n",
      "        -4.49900627e-01,  4.45403367e-01, -2.50342846e-01,\n",
      "         1.43061548e-01, -9.49029811e-03, -1.32735688e-02,\n",
      "        -8.81026089e-02,  1.31970346e-02],\n",
      "       [-1.75524846e-01, -4.18614149e-01,  6.66179061e-02,\n",
      "        -3.62137347e-01, -4.02014047e-01,  5.59580207e-01,\n",
      "        -3.87777299e-01,  8.03971291e-02, -4.18755151e-02,\n",
      "         1.02611557e-01, -1.20452777e-01],\n",
      "       [-1.12965539e-01, -3.17979634e-01,  3.63926142e-01,\n",
      "        -8.61687660e-02, -5.11129081e-01, -2.64076173e-01,\n",
      "         6.08986855e-01,  1.30132809e-02,  1.32362053e-01,\n",
      "        -1.26486018e-01,  1.03530377e-01],\n",
      "       [-7.38024339e-02, -2.30460301e-01,  4.20833260e-01,\n",
      "         3.85348611e-02,  4.10458744e-02, -6.12863839e-01,\n",
      "        -5.51413417e-01, -1.00125661e-02, -6.56362996e-02,\n",
      "         2.70448774e-01,  6.29381314e-02],\n",
      "       [-4.87249158e-02, -1.63033858e-01,  3.84540707e-01,\n",
      "         5.92703000e-02,  4.50874239e-01,  3.60818088e-01,\n",
      "         2.18048215e-01, -3.18112463e-01,  3.05459499e-01,\n",
      "         4.49241042e-01,  2.05719456e-01],\n",
      "       [-3.24114412e-02, -1.13649085e-01,  3.33231419e-01,\n",
      "         4.96413670e-02,  1.99324131e-01,  1.61194548e-01,\n",
      "        -9.56946909e-02, -3.32269639e-01, -4.37668562e-01,\n",
      "        -6.64221287e-01,  2.33469293e-01],\n",
      "       [-2.16741506e-02, -7.85966665e-02,  2.72733361e-01,\n",
      "         6.98361993e-02,  2.10723996e-01,  9.68256406e-03,\n",
      "         1.83090225e-01,  4.65807170e-02, -2.24476114e-01,\n",
      "         9.25782882e-03, -8.85114014e-01],\n",
      "       [-1.45465983e-02, -5.43558449e-02,  2.05582410e-01,\n",
      "         5.55431917e-02,  2.18259811e-01,  5.34153208e-02,\n",
      "        -1.78800941e-01,  4.70445126e-01,  6.54244244e-01,\n",
      "        -4.65142071e-01, -5.75587898e-02],\n",
      "       [-9.79777891e-03, -3.74368355e-02,  1.52901947e-01,\n",
      "         4.13135663e-02,  1.88580021e-01,  1.23939067e-01,\n",
      "         1.77071542e-01,  7.47049809e-01, -4.61424917e-01,\n",
      "         1.81887031e-01,  2.95058846e-01]], dtype=float32))\n",
      "evl [ 0.55058247+0.91802615j  0.55058247-0.91802615j  0.6841089 +0.j\n",
      "  0.565363  +0.j          0.33748338+0.j         -0.07490683+0.5678504j\n",
      " -0.07490683-0.5678504j  -0.78845763+0.46947864j -0.78845763-0.46947864j\n",
      " -0.2720061 +0.j         -0.70849913+0.j        ]\n",
      "evect [-0.00727139+0.j  0.00835395+0.j  0.07513495+0.j -0.12018929+0.j\n",
      "  0.17086461+0.j -0.43800333+0.j  0.02158653+0.j  0.35109082+0.j\n",
      "  0.13267441+0.j -0.44591793+0.j  0.646969  +0.j]\n",
      "(-0.7084801+0j)\n",
      "\n",
      "t_maxused=24\n",
      "[[2.4319401e+01 1.3503651e+01 7.9642158e+00 4.9321022e+00 3.1441200e+00\n",
      "  2.0401621e+00 1.3402650e+00 8.8839185e-01 5.9262174e-01 3.9677876e-01\n",
      "  2.6676053e-01 1.7990315e-01]\n",
      " [1.3503651e+01 7.9642158e+00 4.9321022e+00 3.1441200e+00 2.0401621e+00\n",
      "  1.3402650e+00 8.8839185e-01 5.9262174e-01 3.9677876e-01 2.6676053e-01\n",
      "  1.7990315e-01 1.2161121e-01]\n",
      " [7.9642158e+00 4.9321022e+00 3.1441200e+00 2.0401621e+00 1.3402650e+00\n",
      "  8.8839185e-01 5.9262174e-01 3.9677876e-01 2.6676053e-01 1.7990315e-01\n",
      "  1.2161121e-01 8.2312986e-02]\n",
      " [4.9321022e+00 3.1441200e+00 2.0401621e+00 1.3402650e+00 8.8839185e-01\n",
      "  5.9262174e-01 3.9677876e-01 2.6676053e-01 1.7990315e-01 1.2161121e-01\n",
      "  8.2312986e-02 5.5873539e-02]\n",
      " [3.1441200e+00 2.0401621e+00 1.3402650e+00 8.8839185e-01 5.9262174e-01\n",
      "  3.9677876e-01 2.6676053e-01 1.7990315e-01 1.2161121e-01 8.2312986e-02\n",
      "  5.5873539e-02 3.7942268e-02]\n",
      " [2.0401621e+00 1.3402650e+00 8.8839185e-01 5.9262174e-01 3.9677876e-01\n",
      "  2.6676053e-01 1.7990315e-01 1.2161121e-01 8.2312986e-02 5.5873539e-02\n",
      "  3.7942268e-02 2.5846537e-02]\n",
      " [1.3402650e+00 8.8839185e-01 5.9262174e-01 3.9677876e-01 2.6676053e-01\n",
      "  1.7990315e-01 1.2161121e-01 8.2312986e-02 5.5873539e-02 3.7942268e-02\n",
      "  2.5846537e-02 1.7572330e-02]\n",
      " [8.8839185e-01 5.9262174e-01 3.9677876e-01 2.6676053e-01 1.7990315e-01\n",
      "  1.2161121e-01 8.2312986e-02 5.5873539e-02 3.7942268e-02 2.5846537e-02\n",
      "  1.7572330e-02 1.1971679e-02]\n",
      " [5.9262174e-01 3.9677876e-01 2.6676053e-01 1.7990315e-01 1.2161121e-01\n",
      "  8.2312986e-02 5.5873539e-02 3.7942268e-02 2.5846537e-02 1.7572330e-02\n",
      "  1.1971679e-02 8.1457393e-03]\n",
      " [3.9677876e-01 2.6676053e-01 1.7990315e-01 1.2161121e-01 8.2312986e-02\n",
      "  5.5873539e-02 3.7942268e-02 2.5846537e-02 1.7572330e-02 1.1971679e-02\n",
      "  8.1457393e-03 5.5490588e-03]\n",
      " [2.6676053e-01 1.7990315e-01 1.2161121e-01 8.2312986e-02 5.5873539e-02\n",
      "  3.7942268e-02 2.5846537e-02 1.7572330e-02 1.1971679e-02 8.1457393e-03\n",
